  
  Rhino 物体: 曲线
  开发人员除错信息
  使用 Rhino 的"What"指令。
  名称: ""
  ID:6973A229-BA7E-4270-BEA2-62BE15EE293D
  图层索引: 5
  渲染材质索引: -1 (从图层)
  ON_NurbsCurve dim = 3 is_rat = 0
          order = 4 cv_count = 49
  Knot Vector ( 51 knots )
  index                     value  mult       delta
      0       1352.4066208361821     3
      3        1549.248568268285     3       196.8
      6       2097.4342180181993     2       548.2
      8       2645.6303853849886     3       548.2
     11       3724.6402932842075     3        1079
     14       4712.5043632034603     3       987.9
     17       4786.9745189393398     3       74.47
     20       5312.5438774045488     2       525.6
     22       5838.1299919014173     3       525.6
     25       6362.8460363864178     2       524.7
     27       6887.5567855023928     3       524.7
     30       7416.1787387141549     2       528.6
     32        7944.777440643129     3       528.6
     35       8480.1660550898832     2       535.4
     37       9015.5319067590335     3       535.4
     40       9556.6520325885467     2       541.1
     42       10097.770284033486     3       541.1
     45       11181.942478972522     3        1084
     48       12250.833151291603     3        1069
  Control Points  49 non-rational points
    index               value
    CV[ 0] (-16906.352815338432, 7368.5475029422341, 3994.5022818878078)
    CV[ 1] (-16961.157302255488, 7342.991750953468, 4019.9691316333656)
    CV[ 2] (-17015.793268880792, 7317.5145812674209, 4045.8692223033045)
    CV[ 3] (-17070.244914670053, 7292.1233617989055, 4072.2069255276238)
    CV[ 4] (-17221.887274489305, 7221.4113680091114, 4145.5547814328838)
    CV[ 5] (-17372.230422224933, 7151.3052067643803, 4222.3596702508121)
    CV[ 6] (-17669.598126886987, 7012.6403685858395, 4383.1453315682638)
    CV[ 7] (-17816.730252163674, 6944.0315317064487, 4467.1844511813151)
    CV[ 8] (-17961.925362326365, 6876.3259398100254, 4555.0066407408922)
    CV[ 9] (-18247.592864805392, 6743.1169955195219, 4727.7944538126476)
    CV[10] (-18526.104559408755, 6613.2448592466981, 4915.4334241895585)
    CV[11] (-18794.616465696519, 6488.0357008523169, 5119.0546937478266)
    CV[12] (-19040.51774946088, 6373.3700489119637, 5305.5295964005436)
    CV[13] (-19277.876806846616, 6262.6877025555932, 5505.2905027362576)
    CV[14] (-19504.858045290941, 6156.8446126537601, 5719.0326676995937)
    CV[15] (-19521.9706044618, 6148.8648952498652, 5735.1471072467193)
    CV[16] (-19539.023217217815, 6140.9131313183334, 5751.3401200472645)
    CV[17] (-19556.013689478619, 6132.9903439756436, 5767.6105874919995)
    CV[18] (-19675.928808905213, 6077.0730053751176, 5882.444066915813)
    CV[19] (-19792.72321473213, 6022.6108794272041, 6001.1110855071929)
    CV[20] (-20019.697525453521, 5916.771019975633, 6246.1809734068156)
    CV[21] (-20129.748120417637, 5865.4535846828703, 6372.4447116049687)
    CV[22] (-20236.198919249236, 5815.8147618970015, 6502.4460462097004)
    CV[23] (-20342.472717873872, 5766.2584756632587, 6632.2312221441016)
    CV[24] (-20445.027943805107, 5718.4361883564388, 6765.5819264531901)
    CV[25] (-20642.584538014384, 5626.3140354203451, 7039.1872338952162)
    CV[26] (-20737.470602974267, 5582.0679366114164, 7179.2819796449849)
    CV[27] (-20828.432087472233, 5539.6518997296553, 7322.5304546811003)
    CV[28] (-20920.063538354578, 5496.9234523916857, 7466.8340099351517)
    CV[29] (-21007.631302998827, 5456.0899330697121, 7614.2102310985892)
    CV[30] (-21174.788062230662, 5378.1434560113721, 7914.4706050175973)
    CV[31] (-21254.339693113132, 5341.0479212568689, 8067.2867523097593)
    CV[32] (-21329.951795837384, 5305.789418654801, 8222.4666159444587)
    CV[33] (-21406.523719941997, 5270.0833439919443, 8379.6163355354329)
    CV[34] (-21479.069093247934, 5236.2548808052588, 8539.2181244012409)
    CV[35] (-21616.513707570346, 5172.1634044790426, 8862.2148790457159)
    CV[36] (-21681.471970562226, 5141.8728689403397, 9025.747622702811)
    CV[37] (-21742.861239090285, 5113.2465828545101, 9190.7953602853286)
    CV[38] (-21804.906114685491, 5084.3145821720746, 9357.6057261866008)
    CV[39] (-21863.388528966378, 5057.0437844848602, 9526.1872365186828)
    CV[40] (-21973.75032518616, 5005.5812336631416, 9865.6211178269823)
    CV[41] (-22025.724834924742, 4981.3451217070688, 10036.766002154105)
    CV[42] (-22074.737379067927, 4958.4901969933817, 10208.769299774744)
    CV[43] (-22172.872761784827, 4912.7289164283211, 10553.162959309295)
    CV[44] (-22259.553815188508, 4872.3088773490044, 10902.472020622383)
    CV[45] (-22335.880612766668, 4836.7171070628192, 11253.502339353676)
    CV[46] (-22411.161886984773, 4801.6128723269358, 11599.724249898463)
    CV[47] (-22476.673465214546, 4771.0643216550443, 11949.013926492251)
    CV[48] (-22531.415522433177, 4745.5376811127953, 12300.000000065706)
